'Lima 50 dB Symm 500 Hz'
9,1
50,500,0.4,none
40,15,-20
67.19,65.88,66.47,63.46,59.10,47.09,37.49,32.09,24.58
0.0,0.0,0.05,0.05,0.1,0.1,0.2,0.2,0.3,0.3,0.5,0.5,0.6,0.6,0.65,0.65,0.8,0.8
'Lima 50 dB Symm 1000 Hz'
9,1
50,1000,0.4,none
40,15,-20
71.78,65.54,60.28,55.96,51.87,43.69,40.40,35.18,11.75
0.0,0.0,0.05,0.05,0.1,0.1,0.2,0.2,0.3,0.3,0.5,0.5,0.6,0.6,0.65,0.65,0.8,0.8
'Lima 50 dB Symm 1414 Hz'
9,1
50,1414,0.4,none
40,15,-20
68.74,68.20,61.99,56.85,55.45,47.25,40.00,38.04,24.69
0.0,0.0,0.05,0.05,0.1,0.1,0.2,0.2,0.3,0.3,0.5,0.5,0.6,0.6,0.65,0.65,0.8,0.8
'Lima 50 dB Symm 2000 Hz'
9,1
50,2000,0.4,none
40,15,-20
72.31,72.64,67.19,63.12,63.10,54.99,48.61,47.10,34.48
0.0,0.0,0.05,0.05,0.1,0.1,0.2,0.2,0.3,0.3,0.5,0.5,0.6,0.6,0.65,0.65,0.8,0.8
'Lima 50 dB Symm 2828 Hz'
9,1,100
50,2828,0.4,none
40,15,-20
76.20,66.48,66.83,63.45,58.30,51.31,50.79,47.35,34.86
0.0,0.0,0.05,0.05,0.1,0.1,0.2,0.2,0.3,0.3,0.5,0.5,0.6,0.6,0.65,0.65,0.8,0.8
'Lima 50 dB Symm 4000 Hz'
9,1
50,4000,0.4,none
40,15,-20
76.77,75.32,73.83,69.46,63.11,53.69,54.60,53.63,39.83
0.0,0.0,0.05,0.05,0.1,0.1,0.2,0.2,0.3,0.3,0.5,0.5,0.6,0.6,0.65,0.65,0.8,0.8
'Lima 50 dB Symm 8000 Hz'
9,1
50,8000,0.4,none
40,15,-20
82.06,73.93,67.19,68.16,67.89,64.54,58.30,55.80,44.59
0.0,0.0,0.05,0.05,0.1,0.1,0.2,0.2,0.3,0.3,0.5,0.5,0.6,0.6,0.65,0.65,0.8,0.8
'Lima 50 dB Symm 16000 Hz'
9,1
50,16000,0.4,none
40,15,-20
79.65,74.85,74.51,73.30,64.20,43.98,36.75,33.97,24.00
0.0,0.0,0.05,0.05,0.1,0.1,0.2,0.2,0.3,0.3,0.5,0.5,0.6,0.6,0.65,0.65,0.8,0.8
'Lima 50 dB Symm 32000 Hz'
4,1,100
50,32000,0.4,none
40,15,-20
84.67,80.35,80.27,78.94
0.0,0.0,0.05,0.05,0.1,0.1,0.2,0.2
'Deaf Lima 50 dB Symm 500 Hz'
9,1
50,500,0.4,none
40,15,-20
68.94,63.70,58.47,54.33,48.00,38.91,31.51,25.03,19.33
0.0,0.0,0.05,0.05,0.1,0.1,0.2,0.2,0.3,0.3,0.5,0.5,0.6,0.6,0.65,0.65,0.8,0.8
'Deaf Lima 50 dB Symm 1000 Hz'
9,1
50,1000,0.4,none
40,15,-20
67.25,66.31,61.31,57.95,53.23,41.24,34.85,31.70,15.40
0.0,0.0,0.05,0.05,0.1,0.1,0.2,0.2,0.3,0.3,0.5,0.5,0.6,0.6,0.65,0.65,0.8,0.8
'Deaf Lima 50 dB Symm 1414 Hz'
9,1
50,1414,0.4,none
40,15,-20
74.56,73.30,72.86,68.44,63.47,57.78,51.71,48.11,33.70
0.0,0.0,0.05,0.05,0.1,0.1,0.2,0.2,0.3,0.3,0.5,0.5,0.6,0.6,0.65,0.65,0.8,0.8
'Deaf Lima 50 dB Symm 2000 Hz'
9,1
50,2000,0.4,none
40,15,-20
72.53,71.61,70.02,69.11,66.76,59.65,56.78,55.84,46.50
0.0,0.0,0.05,0.05,0.1,0.1,0.2,0.2,0.3,0.3,0.5,0.5,0.6,0.6,0.65,0.65,0.8,0.8
'Deaf Lima 50 dB Symm 2828 Hz'
9,1,100
50,2828,0.4,none
40,15,-20
73.37,71.77,68.46,69.16,65.45,62.86,59.69,58.10,49.26
0.0,0.0,0.05,0.05,0.1,0.1,0.2,0.2,0.3,0.3,0.5,0.5,0.6,0.6,0.65,0.65,0.8,0.8
'Deaf Lima 50 dB Symm 4000 Hz'
9,1
50,4000,0.4,none
40,15,-20
74.46,71.20,72.63,71.19,68.34,64.49,66.31,64.48,57.98
0.0,0.0,0.05,0.05,0.1,0.1,0.2,0.2,0.3,0.3,0.5,0.5,0.6,0.6,0.65,0.65,0.8,0.8
'Deaf Lima 50 dB Symm 8000 Hz'
9,1
50,8000,0.4,none
40,15,-20
76.98,77.26,74.26,69.56,73.94,66.28,66.40,64.25,66.48
0.0,0.0,0.05,0.05,0.1,0.1,0.2,0.2,0.3,0.3,0.5,0.5,0.6,0.6,0.65,0.65,0.8,0.8
'Deaf Lima 50 dB Symm 16000 Hz'
9,1
50,16000,0.4,none
40,15,-20
81.64,81.99,74.12,68.82,53.11,46.29,40.07,31.59,24.48
0.0,0.0,0.05,0.05,0.1,0.1,0.2,0.2,0.3,0.3,0.5,0.5,0.6,0.6,0.65,0.65,0.8,0.8
'Deaf Lima 50 dB Symm 32000 Hz'
4,1,100
50,32000,0.4,none
40,15,-20
84.31,81.87,78.46,77.25
0.0,0.0,0.05,0.05,0.1,0.1,0.2,0.2
finish
999