46
  20. ,  25. ,  30. ,   35. ,   40. ,   45. ,  50. ,  55. ,  60. ,  70. ,
  80. ,  90. , 100. ,  125. ,  150. ,  177. , 200. , 250. , 300. , 350. ,
 400. , 450. , 500. ,  550. ,  600. ,  700. , 800. , 900. ,1000. ,1500. ,
2000. ,2500. ,2828. , 3000. , 3500. , 4000. ,4500. ,5000. ,5500. ,6000. ,
7000. ,8000. ,9000. ,10000. ,12748. ,15000.
  31.8,  26.0,  21.7,   18.8,   17.2,   15.4,  14.0,  12.6,  11.6,  10.6,
   9.2,   8.2,   7.7,    6.7,    5.3,    4.6,   3.9,   2.9,   2.7,   2.3,
   2.2,    2.3,  2.5,    2.7,    2.9,    3.4,   3.9,   3.9,   3.9,   2.7,
   0.9,  -1.3,  -2.5,   -3.2,   -4.4,   -4.1,  -2.5,  -0.5,   2.0,   5.0,
  10.2,  15.0,  17.0,   15.5,   11.0,   22.0
