' The Boss 800 Hz 77 dB overall no correction'
15,1
49,800,0.4,none
20,30,-20
76.2,73.3,66.3,56.5,49.5,41.0,34.8
54.5,47.3,39.5,32.8
42.0,34.2,31.8,25.2
0.0,0.0,0.1,0.1,0.2,0.2,0.3,0.3,0.4,0.4,0.5,0.5,0.6,0.6
0.3,0.5,0.4,0.6,0.5,0.7,0.6,0.8
0.5,0.3,0.6,0.4,0.7,0.5,0.8,0.6
' The Boss 800 Hz 77 dB overall elc correction'
15,1
49,800,0.4,elc
20,20,5
76.2,73.3,66.3,56.5,49.5,41.0,34.8
54.5,47.3,39.5,32.8
42.0,34.2,31.8,25.2
0.0,0.0,0.1,0.1,0.2,0.2,0.3,0.3,0.4,0.4,0.5,0.5,0.6,0.6
0.3,0.5,0.4,0.6,0.5,0.7,0.6,0.8
0.5,0.3,0.6,0.4,0.7,0.5,0.8,0.6
' Impaired subject 800 Hz no shift allowed, max pl/pu 40'
15,1,40
49,800,0.4,elc
40,15,5,0.00,1,2
77.0,70.4,65.9,62.0,61.0,59.8,59.6
62.4,62.4,59.5,57.5
63.0,60.5,58.5,55.0
0.0,0.0,0.1,0.1,0.2,0.2,0.3,0.3,0.4,0.4,0.5,0.5,0.6,0.6
0.3,0.5,0.4,0.6,0.5,0.7,0.6,0.8
0.5,0.3,0.6,0.4,0.7,0.5,0.8,0.6
finish
999
